kinematics:
  shoulder:
    x: 0
    y: 0
    z: 0.1519129767288276
    roll: -0
    pitch: 0
    yaw: 2.840052735124956e-05
  upper_arm:
    x: -4.069299795318416e-05
    y: 0
    z: 0
    roll: 1.571443144839165
    pitch: 0
    yaw: -3.408199862066107e-05
  forearm:
    x: -0.2437304526657901
    y: 0
    z: 0
    roll: 0.00184072842299872
    pitch: 0.000614126639675398
    yaw: 4.6783100549475e-06
  wrist_1:
    x: -0.213205643523516
    y: -0.0001200986773783478
    z: 0.112123783709917
    roll: 0.001071125389051602
    pitch: 2.720122775498978e-05
    yaw: 6.336920619513387e-05
  wrist_2:
    x: 1.906363951760829e-05
    y: -0.08524079597096808
    z: -1.973191740203254e-05
    roll: 1.57102781122468
    pitch: 0
    yaw: 8.297625518487364e-05
  wrist_3:
    x: -0.0001045524048835433
    y: 0.08235702346231344
    z: -1.731537340377474e-05
    roll: 1.570586079114484
    pitch: 3.141592653589793
    yaw: 3.141582414428662
  hash: calib_9888078884906062210